image_width: 2448
image_height: 2048
camera_name: leftCamera
camera_matrix:
  rows: 3
  cols: 3
  data: [2287.6313152822563, 0, 1181.5852205841122, 0, 2291.344030634712, 1056.9105860988984, 0, 0, 1]
distortion_model: plumb_bob
distortion_coefficients:
  rows: 1
  cols: 5
  data: [-0.066366701035298709, 0.1197598412554737, -0.0014133021077184316, -0.00077206670557214494, -0.095843662429019677]
rectification_matrix:
  rows: 3
  cols: 3
  data: [0.9998987818783055, -0.0025572055776000727, 0.013995952911991493, 0.0025701692249468157, 0.99999628457279155, -0.00090833406174326806, -0.013993578114118204, 0.00094421408932390642, 0.99990163927824294]
projection_matrix:
  rows: 3
  cols: 4
  data: [2303.4360977682873, 0, 1136.2855224609375, 0, 0, 2303.4360977682873, 1038.1046295166016, 0, 0, 0, 1, 0]