image_width: 1920
image_height: 1200
camera_name: leftCamera
camera_matrix:
  rows: 3
  cols: 3
  data: [3700.57, 0, 958.839, 0, 3693.84, 581.98, 0, 0, 1]
distortion_model: plumb_bob
distortion_coefficients:
  rows: 1
  cols: 5
  data: [0.0124163, -0.284508, -0.00497926, -0.00307767, 2.50598]
rectification_matrix:
  rows: 3
  cols: 3
  data: [0.999352, 0.00156245, -0.0359475, -0.00154416, 0.999999, 0.000536799, 0.0359483, -0.000480943, 0.999354]
projection_matrix:
  rows: 3
  cols: 4
  data: [3701.4, 0, 1098.32, 0, 0, 3701.4, 562.123, 0, 0, 0, 1, 0]
