image_width: 1920
image_height: 1200
camera_name: leftCamera
camera_matrix:
  rows: 3
  cols: 3
  data: [4172.92, 0, 959.991, 0, 4162.75, 653.85, 0, 0, 1]
distortion_model: plumb_bob
distortion_coefficients:
  rows: 1
  cols: 5
  data: [-0.0853128, 2.3721, -0.000858176, -0.00295765, -27.7426]
rectification_matrix:
  rows: 3
  cols: 3
  data: [0.999584, -0.00341281, -0.0286368, 0.00340689, 0.999994, -0.000255363, 0.0286375, 0.000157694, 0.99959]
projection_matrix:
  rows: 3
  cols: 4
  data: [4172.13, 0, 1083.42, 0, 0, 4172.13, 664.35, 0, 0, 0, 1, 0]
