image_width: 2448
image_height: 2048
camera_name: leftCamera
camera_matrix:
  rows: 3
  cols: 3
  data: [2306.4752141822773, 0, 1181.6613611778259, 0, 2313.0613048337345, 1080.744156406786, 0, 0, 1]
distortion_model: plumb_bob
distortion_coefficients:
  rows: 1
  cols: 5
  data: [-0.016291339112694612, 0.07693258653247792, 0.0032345581787462233, -0.0040482680302315497, 0.02649257507880004]
rectification_matrix:
  rows: 3
  cols: 3
  data: [0.99997650200716059, 0.00062066536792183488, -0.0068271669105464212, -0.00061131470235830895, 0.99999887246542618, 0.0013716275774523169, 0.0068280105344147085, -0.0013674217994494317, 0.99997575392094606]
projection_matrix:
  rows: 3
  cols: 4
  data: [2319.2568667524683, 0, 1194.7364501953125, 0, 0, 2319.2568667524683, 1099.226188659668, 0, 0, 0, 1, 0]