image_width: 1920
image_height: 1200
camera_name: leftCamera
camera_matrix:
  rows: 3
  cols: 3
  data: [1200.34, 0, 936.317, 0, 1198.84, 581.246, 0, 0, 1]
distortion_model: plumb_bob
distortion_coefficients:
  rows: 1
  cols: 5
  data: [-0.386034, 0.15853, -0.000987364, 0.000127429, -0.0322867]
rectification_matrix:
  rows: 3
  cols: 3
  data: [0.999912, 0.00246291, 0.013023, -0.0024684, 0.999997, 0.000405457, -0.013022, -0.000437568, 0.999915]
projection_matrix:
  rows: 3
  cols: 4
  data: [1198.26, 0, 633.373, 0, 0, 1198.26, 785.438, 0, 0, 0, 1, 0]
