image_width: 2448
image_height: 2048
camera_name: leftCamera
camera_matrix:
  rows: 3
  cols: 3
  data: [2405.7309756375457, 0, 1229.5624098860637, 0, 2401.5381846872001, 1053.5754637110454, 0, 0, 1]
distortion_model: plumb_bob
distortion_coefficients:
  rows: 1
  cols: 5
  data: [-0.082147061469934016, 0.13368819612712562, 0.0014015120489253251, -0.0010329660707369573, -0.11174275609951723]
rectification_matrix:
  rows: 3
  cols: 3
  data: [0.99987597568251185, -0.0023234231371370676, -0.0155767441357492, 0.002345846706042713, 0.99999623825237061, 0.0014214374202677134, 0.015573382939378596, -0.0014578017813835133, 0.99987766479594364]
projection_matrix:
  rows: 3
  cols: 4
  data: [2394.8069395754519, 0, 1274.4731140136719, 0, 0, 2394.8069395754519, 1039.7375183105469, 0, 0, 0, 1, 0]