image_width: 1920
image_height: 1200
camera_name: leftCamera
camera_matrix:
  rows: 3
  cols: 3
  data: [1748.5692043517768, 0, 952.32191510002065, 0, 1749.2355958445253, 587.41585179124365, 0, 0, 1]
distortion_model: plumb_bob
distortion_coefficients:
  rows: 1
  cols: 5
  data: [-0.49686427915897569, 0.29200330934357838, 0.00056094309804632057, 0.0023351028291345088, -0.12595946302097941]
rectification_matrix:
  rows: 3
  cols: 3
  data: [0.9995852085421173, 0.025403647087373745, -0.013567077005461569, -0.025519169545809465, 0.99963895045217221, -0.0084107505355788745, 0.013348514880097596, 0.0087534823664457626, 0.9998725887316624]
projection_matrix:
  rows: 3
  cols: 4
  data: [1750.2865613123936, 0, 997.46597290039062, 0, 0, 1750.2865613123936, 597.41218566894531, 0, 0, 0, 1, 0]