image_width: 2448
image_height: 2048
camera_name: leftCamera
camera_matrix:
  rows: 3
  cols: 3
  data: [3715.73, 0, 1225.78, 0, 3715.21, 1052.26, 0, 0, 1]
distortion_model: plumb_bob
distortion_coefficients:
  rows: 1
  cols: 5
  data: [-0.0449401, 0.233058, -0.000458439, -0.000995984, 0.304964]
rectification_matrix:
  rows: 3
  cols: 3
  data: [0.999988, -0.00137851, -0.00474411, 0.00135926, 0.999991, -0.00405809, 0.00474966, 0.00405159, 0.999981]
projection_matrix:
  rows: 3
  cols: 4
  data: [3718.59, 0, 1243.81, 0, 0, 3718.59, 1048.92, 0, 0, 0, 1, 0]
