image_width: 1920
image_height: 1200
camera_name: leftCamera
camera_matrix:
  rows: 3
  cols: 3
  data: [1800.93, 0, 968.025, 0, 1801.88, 589.403, 0, 0, 1]
distortion_model: plumb_bob
distortion_coefficients:
  rows: 1
  cols: 5
  data: [-0.531306, 0.335569, -0.00141002, 0.000921641, -0.146357]
rectification_matrix:
  rows: 3
  cols: 3
  data: [0.999938, 0.0033503, -0.0106111, -0.00336696, 0.999993, -0.00155285, 0.0106058, 0.00158848, 0.999942]
projection_matrix:
  rows: 3
  cols: 4
  data: [1805.58, 0, 1015.58, 0, 0, 1805.58, 621.449, 0, 0, 0, 1, 0]
