image_width: 2448
image_height: 2048
camera_name: leftCamera
camera_matrix:
  rows: 3
  cols: 3
  data: [2335.9709942209201, 0, 1182.3123271519773, 0, 2340.6085970832514, 1049.6261434162259, 0, 0, 1]
distortion_model: plumb_bob
distortion_coefficients:
  rows: 1
  cols: 5
  data: [-0.055670227561147895, 0.17895911880094001, 0.0010047094515512858, 0.00024744415690502476, -0.17930443374703833]
rectification_matrix:
  rows: 3
  cols: 3
  data: [0.99997600657472463, -0.0043957247191290004, -0.005353865805182002, 0.0043986665309317507, 0.99999018119124639, 0.00053782324980713081, 0.0053514491136438698, -0.00056136021591352058, 0.99998552332875901]
projection_matrix:
  rows: 3
  cols: 4
  data: [2355.9908204487078, 0, 1198.1756286621094, 0, 0, 2355.9908204487078, 1031.6010665893555, 0, 0, 0, 1, 0]