image_width: 2448
image_height: 2048
camera_name: leftCamera
camera_matrix:
  rows: 3
  cols: 3
  data: [3488.68, 0, 1234.4, 0, 3486.3, 1045.11, 0, 0, 1]
distortion_model: plumb_bob
distortion_coefficients:
  rows: 1
  cols: 5
  data: [-0.0555457, 0.19301, -0.000598746, -0.00154676, -0.0330117]
rectification_matrix:
  rows: 3
  cols: 3
  data: [0.988148, -0.00186692, 0.153496, 0.00214955, 0.999996, -0.00167534, -0.153492, 0.00198543, 0.988148]
projection_matrix:
  rows: 3
  cols: 4
  data: [3488.16, 0, 621.379, 0, 0, 3488.16, 1056.4, 0, 0, 0, 1, 0]
