image_width: 2448
image_height: 2048
camera_name: rightCamera
camera_matrix:
  rows: 3
  cols: 3
  data: [2393.4312775061062, 0, 1190.2742023602614, 0, 2388.0756944637042, 1021.2981111217224, 0, 0, 1]
distortion_model: plumb_bob
distortion_coefficients:
  rows: 1
  cols: 5
  data: [-0.088016224616985217, 0.1482877158376732, 0.00035990935397124403, -0.00075392680050655138, -0.13353151780477923]
rectification_matrix:
  rows: 3
  cols: 3
  data: [0.99985799722833724, 0.00094215829014526525, -0.016825507905998731, -0.00096638125573291183, 0.9999985083349352, -0.0014315848466514524, 0.016824134028445032, 0.0014476414130939171, 0.99985741625920432]
projection_matrix:
  rows: 3
  cols: 4
  data: [2394.8069395754519, 0, 1238.1553344726562, 668.07252875591735, 0, 2394.8069395754519, 1039.7375183105469, 0, 0, 0, 1, 0]