image_width: 2448
image_height: 2048
camera_name: rightCamera
camera_matrix:
  rows: 3
  cols: 3
  data: [2367.0427081221687, 0, 1221.0841121324222, 0, 2371.3730438141642, 1009.5007323068228, 0, 0, 1]
distortion_model: plumb_bob
distortion_coefficients:
  rows: 1
  cols: 5
  data: [-0.048460167511034907, 0.16989915862324503, 0.00095856732718341698, -0.0006997920776007279, -0.18276298947915692]
rectification_matrix:
  rows: 3
  cols: 3
  data: [0.99995896126475747, -0.0063343482282286158, 0.0064770223738080911, 0.0063379070473743079, 0.99997977530250426, -0.00052907486424385631, -0.0064735400335609837, 0.00057010391742954713, 0.99997888390753387]
projection_matrix:
  rows: 3
  cols: 4
  data: [2355.9908204487078, 0, 1200.1229248046875, 658.86753525497159, 0, 2355.9908204487078, 1031.6010665893555, 0, 0, 0, 1, 0]