image_width: 2448
image_height: 2048
camera_name: rightCamera
camera_matrix:
  rows: 3
  cols: 3
  data: [3492.65, 0, 1235.47, 0, 3490.03, 1068.39, 0, 0, 1]
distortion_model: plumb_bob
distortion_coefficients:
  rows: 1
  cols: 5
  data: [-0.0599231, 0.23299, 0.000284881, 0.000841507, -0.116055]
rectification_matrix:
  rows: 3
  cols: 3
  data: [0.999994, -0.000672045, 0.00344127, 0.000665727, 0.999998, 0.00183699, -0.0034425, -0.00183468, 0.999992]
projection_matrix:
  rows: 3
  cols: 4
  data: [3488.16, 0, 1223.24, -991.958, 0, 3488.16, 1056.4, 0, 0, 0, 1, 0]
