image_width: 1920
image_height: 1200
camera_name: rightCamera
camera_matrix:
  rows: 3
  cols: 3
  data: [4192.08, 0, 1021.78, 0, 4181.5, 673.909, 0, 0, 1]
distortion_model: plumb_bob
distortion_coefficients:
  rows: 1
  cols: 5
  data: [-0.0478348, 0.858281, -0.000228017, 0.00622879, -7.1244]
rectification_matrix:
  rows: 3
  cols: 3
  data: [0.999959, -0.00328873, -0.00842566, 0.00329047, 0.999995, 0.000192689, 0.00842498, -0.000220406, 0.999964]
projection_matrix:
  rows: 3
  cols: 4
  data: [4172.13, 0, 1063.33, -375.403, 0, 4172.13, 664.35, 0, 0, 0, 1, 0]
