image_width: 2448
image_height: 2048
camera_name: rightCamera
camera_matrix:
  rows: 3
  cols: 3
  data: [2314.8222688027031, 0, 1213.3476691052654, 0, 2315.528164901863, 1023.0832615851649, 0, 0, 1]
distortion_model: plumb_bob
distortion_coefficients:
  rows: 1
  cols: 5
  data: [-0.047539151357856649, 0.028575596239431431, -0.00076430792860858487, -0.00080095724476124776, 0.04621804149497287]
rectification_matrix:
  rows: 3
  cols: 3
  data: [0.99994613283402956, 0.00048537075415010732, 0.010368020326960558, -0.00049497454671777936, 0.9999994508484894, 0.00092374396767065236, -0.010367566275040287, -0.00092882611436269596, 0.99994582395826914]
projection_matrix:
  rows: 3
  cols: 4
  data: [2303.4360977682873, 0, 1180.6972961425781, 645.49739147090418, 0, 2303.4360977682873, 1038.1046295166016, 0, 0, 0, 1, 0]