image_width: 1920
image_height: 1200
camera_name: rightCamera
camera_matrix:
  rows: 3
  cols: 3
  data: [1808.85, 0, 956.595, 0, 1809.27, 637.211, 0, 0, 1]
distortion_model: plumb_bob
distortion_coefficients:
  rows: 1
  cols: 5
  data: [-0.534462, 0.353459, -0.000376513, -7.13991e-05, -0.18032]
rectification_matrix:
  rows: 3
  cols: 3
  data: [0.999983, 0.00264418, -0.00517135, -0.00263606, 0.999995, 0.00157751, 0.0051755, -0.00156385, 0.999985]
projection_matrix:
  rows: 3
  cols: 4
  data: [1805.58, 0, 965.831, -162.956, 0, 1805.58, 621.449, 0, 0, 0, 1, 0]
