image_width: 2448
image_height: 2048
camera_name: rightCamera
camera_matrix:
  rows: 3
  cols: 3
  data: [3721.48, 0, 1222.83, 0, 3721.96, 1046.57, 0, 0, 1]
distortion_model: plumb_bob
distortion_coefficients:
  rows: 1
  cols: 5
  data: [-0.0492821, 0.327008, 9.60541e-05, 0.00108815, -0.0815914]
rectification_matrix:
  rows: 3
  cols: 3
  data: [0.999988, -0.00227623, -0.00432445, 0.00229374, 0.999989, 0.0040499, 0.00431519, -0.00405977, 0.999982]
projection_matrix:
  rows: 3
  cols: 4
  data: [3718.59, 0, 1242.19, -1040.03, 0, 3718.59, 1048.92, 0, 0, 0, 1, 0]
