image_width: 1920
image_height: 1200
camera_name: rightCamera
camera_matrix:
  rows: 3
  cols: 3
  data: [3712.54, 0, 967.17, 0, 3708.97, 545.734, 0, 0, 1]
distortion_model: plumb_bob
distortion_coefficients:
  rows: 1
  cols: 5
  data: [-0.0295028, 0.630648, -0.00138608, -0.00466245, -3.16087]
rectification_matrix:
  rows: 3
  cols: 3
  data: [0.999581, 0.000309092, -0.0289341, -0.00032382, 1, -0.000504321, 0.0289339, 0.000513479, 0.999581]
projection_matrix:
  rows: 3
  cols: 4
  data: [3701.4, 0, 1077.52, -333.395, 0, 3701.4, 562.123, 0, 0, 0, 1, 0]
