image_width: 2448
image_height: 2048
camera_name: rightCamera
camera_matrix:
  rows: 3
  cols: 3
  data: [2321.0426935136411, 0, 1217.5316978550334, 0, 2325.4524286712017, 1110.8567770795844, 0, 0, 1]
distortion_model: plumb_bob
distortion_coefficients:
  rows: 1
  cols: 5
  data: [-0.023334574620879529, 0.14505385220298705, 0.0017560094482528541, -0.003991710819098368, -0.16210296014287942]
rectification_matrix:
  rows: 3
  cols: 3
  data: [0.9999860614845929, 0.0052037160149384044, -0.00089340705619426575, -0.0052049346892771393, 0.99998551958768833, -0.0013672124272385562, 0.00088627953408829466, 0.0013718434957055252, 0.999998666276116]
projection_matrix:
  rows: 3
  cols: 4
  data: [2319.2568667524683, 0, 1211.3004455566406, 377.22729332883142, 0, 2319.2568667524683, 1099.226188659668, 0, 0, 0, 1, 0]