image_width: 1920
image_height: 1200
camera_name: rightCamera
camera_matrix:
  rows: 3
  cols: 3
  data: [1751.8604428460428, 0, 960.70698546492838, 0, 1751.3375267802621, 605.39759564196402, 0, 0, 1]
distortion_model: plumb_bob
distortion_coefficients:
  rows: 1
  cols: 5
  data: [-0.49748385997337258, 0.29204867196593343, 0.001430844484927884, 2.8635294171431686e-05, -0.11835358309216069]
rectification_matrix:
  rows: 3
  cols: 3
  data: [0.99972122038945832, 0.020080194201788044, -0.012420438954826985, -0.019972842311778542, 0.99976260295393948, 0.0087076578224102759, 0.012592341839425031, -0.0084571588362659812, 0.99988494807723616]
projection_matrix:
  rows: 3
  cols: 4
  data: [1750.2865613123936, 0, 996.491943359375, -162.47630085443924, 0, 1750.2865613123936, 597.41218566894531, 0, 0, 0, 1, 0]